999
1 2
2 3
3 4
4 5
5 6
6 7
7 8
8 9
9 10
10 11
11 12
12 13
13 14
14 15
15 16
16 17
17 18
18 19
19 20
20 21
21 22
22 23
23 24
24 25
25 26
26 27
27 28
28 29
29 30
30 31
31 32
32 33
33 34
34 35
35 36
36 37
37 38
38 39
39 40
40 41
41 42
42 43
43 44
44 45
45 46
46 47
47 48
48 49
49 50
50 51
51 52
52 53
53 54
54 55
55 56
56 57
57 58
58 59
59 60
60 61
61 62
62 63
63 64
64 65
65 66
66 67
67 68
68 69
69 70
70 71
71 72
72 73
73 74
74 75
75 76
76 77
77 78
78 79
79 80
80 81
81 82
82 83
83 84
84 85
85 86
86 87
87 88
88 89
89 90
90 91
91 92
92 93
93 94
94 95
95 96
96 97
97 98
98 99
99 100
100 101
101 102
102 103
103 104
104 105
105 106
106 107
107 108
108 109
109 110
110 111
111 112
112 113
113 114
114 115
115 116
116 117
117 118
118 119
119 120
120 121
121 122
122 123
123 124
124 125
125 126
126 127
127 128
128 129
129 130
130 131
131 132
132 133
133 134
134 135
135 136
136 137
137 138
138 139
139 140
140 141
141 142
142 143
143 144
144 145
145 146
146 147
147 148
148 149
149 150
150 151
151 152
152 153
153 154
154 155
155 156
156 157
157 158
158 159
159 160
160 161
161 162
162 163
163 164
164 165
165 166
166 167
167 168
168 169
169 170
170 171
171 172
172 173
173 174
174 175
175 176
176 177
177 178
178 179
179 180
180 181
181 182
182 183
183 184
184 185
185 186
186 187
187 188
188 189
189 190
190 191
191 192
192 193
193 194
194 195
195 196
196 197
197 198
198 199
199 200
200 201
201 202
202 203
203 204
204 205
205 206
206 207
207 208
208 209
209 210
210 211
211 212
212 213
213 214
214 215
215 216
216 217
217 218
218 219
219 220
220 221
221 222
222 223
223 224
224 225
225 226
226 227
227 228
228 229
229 230
230 231
231 232
232 233
233 234
234 235
235 236
236 237
237 238
238 239
239 240
240 241
241 242
242 243
243 244
244 245
245 246
246 247
247 248
248 249
249 250
250 251
251 252
252 253
253 254
254 255
255 256
256 257
257 258
258 259
259 260
260 261
261 262
262 263
263 264
264 265
265 266
266 267
267 268
268 269
269 270
270 271
271 272
272 273
273 274
274 275
275 276
276 277
277 278
278 279
279 280
280 281
281 282
282 283
283 284
284 285
285 286
286 287
287 288
288 289
289 290
290 291
291 292
292 293
293 294
294 295
295 296
296 297
297 298
298 299
299 300
300 301
301 302
302 303
303 304
304 305
305 306
306 307
307 308
308 309
309 310
310 311
311 312
312 313
313 314
314 315
315 316
316 317
317 318
318 319
319 320
320 321
321 322
322 323
323 324
324 325
325 326
326 327
327 328
328 329
329 330
330 331
331 332
332 333
333 334
334 335
335 336
336 337
337 338
338 339
339 340
340 1
341 32
342 163
343 289
344 110
345 144
346 164
347 144
348 314
349 78
350 294
351 9
352 97
353 282
354 303
355 79
356 332
357 84
358 49
359 54
360 255
361 137
362 332
363 238
364 192
365 338
366 162
367 225
368 179
369 244
370 42
371 338
372 222
373 370
374 334
375 19
376 309
377 219
378 76
379 207
380 7
381 36
382 277
383 95
384 371
385 379
386 313
387 213
388 104
389 327
390 225
391 2
392 309
393 351
394 69
395 291
396 266
397 287
398 38
399 198
400 158
401 46
402 101
403 355
404 308
405 45
406 290
407 100
408 351
409 321
410 327
411 270
412 364
413 361
414 210
415 72
416 11
417 359
418 118
419 235
420 321
421 91
422 90
423 342
424 107
425 72
426 89
427 144
428 83
429 402
430 8
431 102
432 418
433 62
434 356
435 115
436 298
437 68
438 109
439 133
440 389
441 433
442 179
443 316
444 123
445 259
446 61
447 30
448 402
449 185
450 262
451 108
452 106
453 74
454 122
455 46
456 204
457 272
458 351
459 217
460 445
461 102
462 169
463 348
464 42
465 394
466 132
467 304
468 68
469 450
470 138
471 273
472 314
473 54
474 434
475 390
476 109
477 443
478 267
479 227
480 445
481 280
482 231
483 50
484 215
485 109
486 313
487 193
488 446
489 309
490 447
491 1
492 30
493 79
494 84
495 281
496 234
497 416
498 7
499 404
500 180
501 231
502 262
503 253
504 26
505 499
506 292
507 314
508 13
509 39
510 315
511 456
512 108
513 323
514 347
515 506
516 325
517 361
518 161
519 179
520 323
521 377
522 377
523 390
524 17
525 414
526 213
527 28
528 418
529 134
530 75
531 344
532 461
533 64
534 367
535 25
536 146
537 175
538 431
539 23
540 247
541 266
542 193
543 455
544 464
545 110
546 449
547 124
548 155
549 428
550 256
551 198
552 58
553 315
554 406
555 166
556 308
557 5
558 200
559 191
560 195
561 130
562 355
563 409
564 524
565 92
566 243
567 384
568 340
569 139
570 341
571 154
572 563
573 105
574 522
575 89
576 224
577 76
578 377
579 495
580 547
581 393
582 69
583 128
584 543
585 246
586 332
587 428
588 256
589 122
590 158
591 375
592 370
593 130
594 556
595 122
596 509
597 535
598 353
599 257
600 190
601 362
602 309
603 315
604 94
605 164
606 360
607 175
608 254
609 82
610 451
611 318
612 151
613 537
614 532
615 125
616 447
617 38
618 181
619 580
620 530
621 479
622 210
623 422
624 27
625 351
626 104
627 277
628 310
629 568
630 586
631 583
632 341
633 181
634 103
635 299
636 143
637 227
638 441
639 145
640 636
641 300
642 256
643 612
644 375
645 405
646 158
647 410
648 157
649 615
650 505
651 297
652 464
653 433
654 512
655 21
656 526
657 525
658 533
659 373
660 292
661 23
662 476
663 546
664 150
665 90
666 243
667 441
668 352
669 510
670 293
671 125
672 470
673 264
674 367
675 564
676 100
677 419
678 642
679 301
680 531
681 45
682 182
683 101
684 312
685 566
686 404
687 602
688 192
689 536
690 566
691 375
692 30
693 259
694 357
695 632
696 177
697 161
698 602
699 552
700 56
701 680
702 202
703 434
704 589
705 533
706 112
707 226
708 67
709 85
710 436
711 211
712 673
713 228
714 30
715 450
716 95
717 710
718 291
719 470
720 686
721 400
722 568
723 690
724 624
725 289
726 8
727 544
728 514
729 485
730 651
731 132
732 357
733 576
734 466
735 497
736 640
737 717
738 228
739 593
740 314
741 326
742 532
743 517
744 733
745 189
746 408
747 465
748 120
749 219
750 48
751 87
752 438
753 225
754 509
755 726
756 556
757 219
758 162
759 118
760 224
761 637
762 582
763 76
764 561
765 114
766 404
767 618
768 653
769 362
770 618
771 539
772 626
773 33
774 574
775 758
776 28
777 44
778 501
779 313
780 365
781 287
782 715
783 154
784 176
785 508
786 323
787 472
788 181
789 397
790 22
791 470
792 88
793 786
794 580
795 331
796 362
797 214
798 72
799 266
800 41
801 33
802 66
803 663
804 350
805 619
806 731
807 300
808 533
809 363
810 3
811 775
812 426
813 38
814 732
815 461
816 587
817 671
818 349
819 379
820 720
821 59
822 131
823 449
824 304
825 259
826 259
827 747
828 516
829 787
830 626
831 403
832 4
833 557
834 556
835 511
836 220
837 211
838 298
839 561
840 409
841 214
842 716
843 410
844 342
845 459
846 788
847 24
848 832
849 380
850 152
851 815
852 271
853 502
854 284
855 47
856 769
857 161
858 13
859 501
860 775
861 23
862 575
863 336
864 370
865 627
866 136
867 290
868 62
869 781
870 855
871 346
872 500
873 509
874 71
875 649
876 215
877 142
878 617
879 765
880 479
881 445
882 326
883 95
884 562
885 688
886 138
887 129
888 161
889 635
890 849
891 79
892 498
893 259
894 618
895 749
896 169
897 364
898 343
899 187
900 824
901 11
902 887
903 509
904 688
905 414
906 372
907 853
908 354
909 895
910 522
911 143
912 324
913 798
914 453
915 464
916 678
917 803
918 175
919 497
920 640
921 882
922 576
923 730
924 141
925 117
926 271
927 569
928 165
929 359
930 632
931 270
932 875
933 510
934 457
935 136
936 82
937 702
938 316
939 284
940 256
941 500
942 640
943 679
944 188
945 797
946 392
947 854
948 176
949 166
950 334
951 433
952 129
953 34
954 264
955 837
956 264
957 651
958 287
959 780
960 230
961 637
962 331
963 877
964 26
965 172
966 701
967 148
968 918
969 321
970 326
971 675
972 42
973 447
974 508
975 865
976 2
977 573
978 796
979 833
980 316
981 726
982 323
983 83
984 483
985 978
986 11
987 462
988 454
989 469
990 253
991 746
992 115
993 530
994 433
995 738
996 807
997 131
998 115
999 857
