999
1 2
2 3
3 4
4 5
5 6
6 7
7 8
8 9
9 10
10 11
11 12
12 13
13 14
14 15
15 16
16 17
17 18
18 19
19 20
20 21
21 22
22 23
23 24
24 25
25 26
26 27
27 28
28 29
29 30
30 31
31 32
32 33
33 34
34 35
35 36
36 37
37 38
38 39
39 40
40 41
41 42
42 43
43 44
44 45
45 46
46 47
47 48
48 49
49 50
50 51
51 52
52 53
53 54
54 55
55 56
56 57
57 58
58 59
59 60
60 61
61 62
62 63
63 64
64 65
65 66
66 67
67 68
68 69
69 70
70 71
71 72
72 73
73 74
74 75
75 76
76 77
77 78
78 79
79 80
80 81
81 82
82 83
83 84
84 85
85 86
86 87
87 88
88 89
89 90
90 91
91 92
92 93
93 94
94 95
95 96
96 97
97 98
98 99
99 100
100 101
101 102
102 103
103 104
104 105
105 106
106 107
107 108
108 109
109 110
110 111
111 112
112 113
113 114
114 115
115 116
116 117
117 118
118 119
119 120
120 121
121 122
122 123
123 124
124 125
125 126
126 127
127 128
128 129
129 130
130 131
131 132
132 133
133 134
134 135
135 136
136 137
137 138
138 139
139 140
140 141
141 142
142 143
143 144
144 145
145 146
146 147
147 148
148 149
149 150
150 151
151 152
152 153
153 154
154 155
155 156
156 157
157 158
158 159
159 160
160 161
161 162
162 163
163 164
164 165
165 166
166 167
167 168
168 169
169 170
170 171
171 172
172 173
173 174
174 175
175 176
176 177
177 178
178 179
179 180
180 181
181 182
182 183
183 184
184 185
185 186
186 187
187 188
188 189
189 190
190 191
191 192
192 193
193 194
194 195
195 196
196 197
197 198
198 199
199 200
200 201
201 202
202 203
203 204
204 205
205 206
206 207
207 208
208 209
209 210
210 211
211 212
212 213
213 214
214 215
215 216
216 217
217 218
218 219
219 220
220 221
221 222
222 223
223 224
224 225
225 226
226 227
227 228
228 229
229 230
230 231
231 232
232 233
233 234
234 235
235 236
236 237
237 238
238 239
239 240
240 241
241 242
242 243
243 244
244 245
245 246
246 247
247 248
248 249
249 250
250 251
251 252
252 253
253 254
254 255
255 256
256 257
257 258
258 259
259 260
260 261
261 262
262 263
263 264
264 265
265 266
266 267
267 268
268 269
269 270
270 271
271 272
272 273
273 274
274 275
275 276
276 277
277 278
278 279
279 280
280 281
281 282
282 283
283 284
284 285
285 286
286 287
287 288
288 289
289 290
290 291
291 292
292 293
293 294
294 295
295 296
296 297
297 298
298 299
299 300
300 301
301 302
302 303
303 304
304 305
305 306
306 307
307 308
308 309
309 310
310 311
311 312
312 313
313 314
314 315
315 316
316 317
317 318
318 319
319 320
320 321
321 322
322 323
323 324
324 325
325 326
326 327
327 328
328 329
329 330
330 331
331 332
332 333
333 334
334 335
335 336
336 337
337 338
338 339
339 340
340 341
341 1
342 146
343 338
344 55
345 193
346 95
347 270
348 173
349 66
350 43
351 156
352 105
353 228
354 234
355 267
356 90
357 69
358 328
359 91
360 262
361 24
362 229
363 49
364 195
365 106
366 252
367 304
368 138
369 136
370 25
371 157
372 356
373 342
374 186
375 319
376 222
377 368
378 7
379 236
380 42
381 10
382 222
383 50
384 239
385 345
386 15
387 223
388 58
389 344
390 309
391 215
392 111
393 23
394 147
395 196
396 226
397 313
398 140
399 286
400 338
401 239
402 372
403 90
404 172
405 241
406 281
407 119
408 52
409 128
410 339
411 114
412 283
413 129
414 323
415 281
416 45
417 396
418 304
419 228
420 265
421 323
422 401
423 344
424 216
425 5
426 421
427 148
428 36
429 414
430 91
431 421
432 358
433 357
434 138
435 90
436 305
437 220
438 383
439 239
440 125
441 56
442 410
443 27
444 226
445 218
446 288
447 280
448 92
449 327
450 172
451 409
452 284
453 434
454 1
455 415
456 137
457 41
458 113
459 357
460 338
461 146
462 134
463 57
464 57
465 396
466 348
467 207
468 373
469 62
470 292
471 56
472 146
473 427
474 380
475 122
476 382
477 281
478 336
479 351
480 461
481 26
482 99
483 369
484 152
485 122
486 128
487 166
488 402
489 327
490 481
491 392
492 106
493 86
494 392
495 28
496 189
497 252
498 24
499 342
500 82
501 343
502 348
503 188
504 87
505 456
506 33
507 327
508 167
509 356
510 128
511 43
512 100
513 304
514 117
515 380
516 397
517 497
518 478
519 386
520 375
521 429
522 444
523 354
524 442
525 266
526 184
527 75
528 26
529 261
530 112
531 316
532 493
533 183
534 256
535 109
536 90
537 137
538 146
539 257
540 238
541 112
542 218
543 481
544 23
545 5
546 2
547 28
548 353
549 526
550 15
551 534
552 258
553 513
554 154
555 2
556 163
557 154
558 289
559 542
560 377
561 91
562 451
563 473
564 117
565 393
566 539
567 98
568 319
569 425
570 270
571 211
572 281
573 416
574 80
575 420
576 98
577 196
578 491
579 391
580 289
581 14
582 120
583 500
584 272
585 472
586 236
587 152
588 340
589 5
590 416
591 15
592 256
593 575
594 562
595 259
596 106
597 483
598 54
599 470
600 60
601 378
602 21
603 490
604 24
605 154
606 469
607 271
608 95
609 15
610 303
611 604
612 397
613 6
614 260
615 121
616 489
617 489
618 521
619 103
620 163
621 415
622 367
623 518
624 97
625 449
626 219
627 576
628 263
629 233
630 427
631 164
632 415
633 155
634 199
635 308
636 169
637 117
638 365
639 405
640 206
641 483
642 110
643 114
644 560
645 400
646 43
647 203
648 197
649 113
650 457
651 558
652 486
653 575
654 473
655 334
656 416
657 256
658 304
659 195
660 232
661 313
662 196
663 541
664 403
665 300
666 229
667 114
668 320
669 593
670 117
671 284
672 400
673 671
674 489
675 232
676 465
677 104
678 141
679 133
680 195
681 6
682 52
683 340
684 482
685 466
686 58
687 245
688 523
689 106
690 304
691 479
692 529
693 5
694 684
695 94
696 575
697 497
698 222
699 320
700 583
701 54
702 412
703 102
704 445
705 220
706 350
707 254
708 141
709 145
710 611
711 292
712 444
713 679
714 251
715 53
716 620
717 322
718 286
719 402
720 388
721 672
722 316
723 256
724 447
725 293
726 135
727 471
728 19
729 281
730 98
731 126
732 561
733 612
734 690
735 409
736 637
737 639
738 655
739 730
740 171
741 102
742 476
743 155
744 416
745 329
746 364
747 90
748 414
749 603
750 662
751 349
752 278
753 508
754 674
755 620
756 593
757 112
758 182
759 724
760 445
761 342
762 626
763 54
764 738
765 571
766 583
767 546
768 663
769 747
770 444
771 364
772 706
773 180
774 112
775 33
776 596
777 223
778 674
779 727
780 22
781 707
782 641
783 67
784 159
785 100
786 228
787 133
788 112
789 776
790 683
791 737
792 104
793 53
794 132
795 127
796 411
797 426
798 736
799 105
800 622
801 324
802 771
803 31
804 649
805 762
806 519
807 568
808 123
809 694
810 554
811 779
812 89
813 197
814 659
815 589
816 330
817 777
818 641
819 12
820 613
821 501
822 588
823 492
824 481
825 727
826 810
827 125
828 376
829 801
830 632
831 155
832 156
833 587
834 422
835 21
836 636
837 308
838 94
839 195
840 60
841 447
842 405
843 688
844 260
845 808
846 589
847 373
848 514
849 345
850 729
851 19
852 725
853 790
854 845
855 633
856 804
857 526
858 35
859 826
860 653
861 736
862 423
863 379
864 371
865 686
866 612
867 357
868 51
869 659
870 844
871 637
872 550
873 745
874 468
875 857
876 535
877 263
878 301
879 868
880 691
881 466
882 317
883 316
884 673
885 708
886 772
887 44
888 723
889 754
890 472
891 5
892 174
893 271
894 681
895 621
896 532
897 889
898 445
899 856
900 703
901 708
902 169
903 218
904 418
905 586
906 686
907 72
908 146
909 655
910 225
911 148
912 849
913 211
914 812
915 580
916 419
917 535
918 847
919 836
920 189
921 583
922 703
923 512
924 307
925 696
926 563
927 726
928 582
929 402
930 754
931 517
932 710
933 177
934 198
935 678
936 444
937 14
938 459
939 488
940 830
941 344
942 221
943 563
944 570
945 811
946 294
947 457
948 504
949 904
950 469
951 472
952 246
953 139
954 306
955 857
956 830
957 153
958 631
959 907
960 449
961 751
962 385
963 639
964 321
965 111
966 445
967 920
968 823
969 458
970 508
971 127
972 606
973 180
974 519
975 738
976 117
977 491
978 411
979 355
980 892
981 827
982 538
983 653
984 575
985 682
986 185
987 879
988 262
989 787
990 560
991 34
992 517
993 49
994 684
995 494
996 223
997 271
998 944
999 159
