999
1 2
2 3
3 4
4 5
5 6
6 7
7 8
8 9
9 10
10 11
11 12
12 13
13 14
14 15
15 16
16 17
17 18
18 19
19 20
20 21
21 22
22 23
23 24
24 25
25 26
26 27
27 28
28 29
29 30
30 31
31 32
32 1
33 34
34 35
35 36
36 37
37 38
38 39
39 40
40 41
41 42
42 43
43 44
44 45
45 46
46 47
47 48
48 49
49 50
50 51
51 52
52 53
53 54
54 55
55 56
56 57
57 58
58 59
59 60
60 61
61 62
62 63
63 33
64 65
65 66
66 67
67 68
68 69
69 70
70 71
71 72
72 73
73 74
74 75
75 76
76 77
77 78
78 79
79 80
80 81
81 82
82 83
83 84
84 85
85 86
86 87
87 88
88 89
89 64
90 91
91 92
92 93
93 94
94 95
95 96
96 97
97 98
98 99
99 100
100 101
101 102
102 103
103 104
104 105
105 106
106 107
107 108
108 109
109 110
110 111
111 112
112 113
113 114
114 90
115 116
116 117
117 118
118 119
119 120
120 121
121 122
122 123
123 124
124 125
125 126
126 127
127 128
128 129
129 130
130 131
131 132
132 133
133 134
134 135
135 136
136 137
137 138
138 139
139 115
140 141
141 142
142 143
143 144
144 145
145 146
146 147
147 148
148 149
149 150
150 151
151 152
152 153
153 154
154 155
155 156
156 157
157 158
158 159
159 160
160 161
161 162
162 163
163 164
164 165
165 166
166 167
167 140
168 169
169 170
170 171
171 172
172 173
173 174
174 175
175 176
176 177
177 178
178 179
179 180
180 181
181 182
182 183
183 184
184 185
185 186
186 187
187 188
188 189
189 190
190 191
191 192
192 193
193 194
194 195
195 196
196 168
197 198
198 199
199 200
200 201
201 202
202 203
203 204
204 205
205 206
206 207
207 208
208 209
209 210
210 211
211 212
212 213
213 214
214 215
215 216
216 217
217 218
218 219
219 220
220 221
221 222
222 223
223 224
224 197
225 226
226 227
227 228
228 229
229 230
230 231
231 232
232 233
233 234
234 235
235 236
236 237
237 238
238 239
239 240
240 241
241 242
242 243
243 244
244 245
245 246
246 247
247 248
248 249
249 250
250 251
251 225
252 253
253 254
254 255
255 256
256 257
257 258
258 259
259 260
260 261
261 262
262 263
263 264
264 265
265 266
266 267
267 268
268 269
269 270
270 271
271 272
272 273
273 274
274 275
275 276
276 277
277 278
278 279
279 252
280 281
281 282
282 283
283 284
284 285
285 286
286 287
287 288
288 289
289 290
290 291
291 292
292 293
293 294
294 295
295 296
296 297
297 298
298 299
299 300
300 301
301 302
302 280
303 304
304 305
305 306
306 307
307 308
308 309
309 310
310 311
311 312
312 313
313 314
314 315
315 316
316 317
317 318
318 319
319 320
320 321
321 322
322 323
323 324
324 325
325 326
326 327
327 328
328 329
329 330
330 331
331 332
332 333
333 303
334 335
335 336
336 337
337 338
338 339
339 340
340 341
341 342
342 343
343 344
344 345
345 346
346 347
347 348
348 349
349 350
350 351
351 352
352 353
353 354
354 355
355 356
356 357
357 358
358 359
359 360
360 361
361 362
362 363
363 364
364 334
365 366
366 367
367 368
368 369
369 370
370 371
371 372
372 373
373 374
374 375
375 376
376 377
377 378
378 379
379 380
380 381
381 382
382 383
383 384
384 385
385 386
386 387
387 388
388 389
389 390
390 391
391 392
392 365
393 309
394 53
395 244
396 313
397 249
398 5
399 109
400 59
401 341
402 354
403 373
404 29
405 19
406 223
407 156
408 193
409 343
410 176
411 44
412 356
413 254
414 58
415 120
416 75
417 147
418 262
419 117
420 306
421 46
422 118
423 342
424 335
425 397
426 78
427 246
428 414
429 266
430 404
431 246
432 413
433 322
434 113
435 194
436 110
437 129
438 221
439 294
440 218
441 270
442 199
443 333
444 163
445 322
446 39
447 440
448 308
449 49
450 234
451 338
452 113
453 270
454 38
455 431
456 54
457 66
458 99
459 286
460 400
461 14
462 7
463 225
464 308
465 343
466 58
467 315
468 369
469 210
470 143
471 382
472 133
473 365
474 161
475 295
476 65
477 380
478 83
479 353
480 177
481 252
482 73
483 332
484 463
485 81
486 369
487 218
488 448
489 432
490 355
491 26
492 408
493 396
494 192
495 263
496 452
497 92
498 479
499 166
500 56
501 259
502 271
503 209
504 329
505 228
506 71
507 362
508 347
509 506
510 171
511 232
512 237
513 314
514 452
515 376
516 130
517 123
518 59
519 136
520 390
521 263
522 350
523 61
524 59
525 428
526 198
527 58
528 111
529 447
530 111
531 261
532 257
533 201
534 35
535 15
536 514
537 282
538 288
539 488
540 493
541 211
542 277
543 67
544 192
545 4
546 345
547 2
548 128
549 462
550 212
551 9
552 328
553 155
554 212
555 317
556 101
557 350
558 494
559 79
560 118
561 287
562 26
563 259
564 15
565 16
566 62
567 254
568 165
569 151
570 12
571 120
572 457
573 484
574 267
575 291
576 314
577 162
578 234
579 241
580 156
581 343
582 345
583 313
584 33
585 183
586 334
587 375
588 335
589 138
590 453
591 112
592 100
593 402
594 369
595 106
596 29
597 314
598 437
599 156
600 576
601 87
602 243
603 409
604 104
605 223
606 592
607 474
608 213
609 235
610 470
611 167
612 341
613 397
614 365
615 340
616 402
617 6
618 523
619 55
620 602
621 48
622 452
623 221
624 547
625 437
626 114
627 247
628 383
629 259
630 46
631 35
632 279
633 288
634 438
635 117
636 301
637 401
638 369
639 625
640 138
641 453
642 509
643 163
644 547
645 412
646 220
647 8
648 560
649 159
650 163
651 71
652 592
653 513
654 506
655 246
656 161
657 201
658 415
659 88
660 247
661 244
662 539
663 288
664 386
665 165
666 555
667 166
668 580
669 305
670 313
671 602
672 220
673 536
674 480
675 520
676 533
677 571
678 615
679 614
680 570
681 603
682 534
683 1
684 263
685 616
686 364
687 157
688 451
689 321
690 216
691 364
692 482
693 75
694 655
695 675
696 353
697 563
698 340
699 645
700 533
701 258
702 480
703 545
704 597
705 608
706 382
707 422
708 261
709 187
710 453
711 518
712 45
713 396
714 5
715 267
716 311
717 314
718 136
719 474
720 228
721 2
722 123
723 8
724 474
725 319
726 155
727 671
728 462
729 609
730 417
731 51
732 381
733 206
734 542
735 688
736 376
737 562
738 599
739 629
740 153
741 587
742 162
743 36
744 704
745 128
746 503
747 491
748 613
749 73
750 260
751 426
752 494
753 323
754 570
755 64
756 96
757 557
758 150
759 66
760 244
761 604
762 656
763 610
764 207
765 492
766 735
767 28
768 566
769 483
770 107
771 271
772 40
773 657
774 70
775 373
776 507
777 279
778 356
779 377
780 190
781 328
782 723
783 567
784 693
785 115
786 644
787 423
788 589
789 388
790 363
791 549
792 661
793 27
794 355
795 123
796 57
797 466
798 228
799 217
800 63
801 358
802 187
803 643
804 283
805 352
806 326
807 759
808 450
809 118
810 149
811 395
812 348
813 554
814 69
815 220
816 348
817 97
818 41
819 693
820 453
821 24
822 757
823 133
824 303
825 426
826 33
827 687
828 585
829 707
830 552
831 575
832 493
833 641
834 6
835 359
836 656
837 608
838 160
839 21
840 548
841 687
842 392
843 489
844 674
845 120
846 15
847 507
848 384
849 556
850 666
851 50
852 16
853 603
854 773
855 693
856 11
857 104
858 458
859 726
860 768
861 93
862 687
863 726
864 811
865 466
866 44
867 22
868 331
869 269
870 382
871 306
872 702
873 336
874 711
875 621
876 329
877 257
878 16
879 312
880 575
881 324
882 341
883 8
884 855
885 810
886 109
887 730
888 46
889 385
890 663
891 563
892 691
893 168
894 338
895 6
896 583
897 136
898 813
899 691
900 614
901 676
902 44
903 215
904 172
905 639
906 865
907 721
908 711
909 866
910 616
911 48
912 160
913 839
914 300
915 400
916 410
917 119
918 691
919 350
920 622
921 134
922 863
923 732
924 512
925 574
926 295
927 700
928 861
929 504
930 554
931 90
932 291
933 372
934 264
935 902
936 848
937 176
938 751
939 752
940 808
941 827
942 939
943 263
944 225
945 610
946 334
947 166
948 135
949 21
950 42
951 835
952 550
953 194
954 834
955 116
956 421
957 352
958 596
959 473
960 899
961 362
962 258
963 680
964 674
965 248
966 292
967 543
968 367
969 809
970 280
971 214
972 882
973 213
974 950
975 882
976 644
977 677
978 652
979 390
980 858
981 923
982 955
983 647
984 350
985 548
986 488
987 280
988 115
989 672
990 512
991 123
992 459
993 543
994 757
995 111
996 592
997 495
998 531
999 233
