999
1 2
2 3
3 4
4 5
5 6
6 7
7 8
8 9
9 10
10 11
11 12
12 13
13 14
14 15
15 16
16 17
17 18
18 19
19 20
20 21
21 22
22 23
23 24
24 25
25 26
26 27
27 28
28 29
29 30
30 31
31 32
32 33
33 34
34 35
35 36
36 37
37 38
38 39
39 40
40 41
41 42
42 43
43 44
44 45
45 46
46 47
47 48
48 49
49 50
50 51
51 52
52 53
53 54
54 55
55 56
56 57
57 58
58 59
59 60
60 61
61 62
62 63
63 64
64 65
65 66
66 67
67 68
68 69
69 70
70 1
71 72
72 73
73 74
74 75
75 76
76 77
77 78
78 79
79 80
80 81
81 82
82 83
83 84
84 85
85 86
86 87
87 88
88 89
89 90
90 91
91 92
92 93
93 94
94 95
95 96
96 97
97 98
98 99
99 100
100 101
101 102
102 103
103 104
104 105
105 106
106 107
107 108
108 109
109 110
110 111
111 112
112 113
113 114
114 115
115 116
116 117
117 118
118 119
119 120
120 121
121 122
122 123
123 124
124 125
125 126
126 127
127 128
128 129
129 130
130 131
131 132
132 133
133 134
134 135
135 136
136 137
137 138
138 139
139 140
140 141
141 142
142 143
143 144
144 145
145 71
146 147
147 148
148 149
149 150
150 151
151 152
152 153
153 154
154 155
155 156
156 157
157 158
158 159
159 160
160 161
161 162
162 163
163 164
164 165
165 166
166 167
167 168
168 169
169 170
170 171
171 172
172 173
173 174
174 175
175 176
176 177
177 178
178 179
179 180
180 181
181 182
182 183
183 184
184 185
185 186
186 187
187 188
188 189
189 190
190 191
191 192
192 193
193 194
194 195
195 196
196 197
197 198
198 199
199 200
200 201
201 202
202 203
203 204
204 205
205 206
206 207
207 208
208 209
209 210
210 211
211 146
212 213
213 214
214 215
215 216
216 217
217 218
218 219
219 220
220 221
221 222
222 223
223 224
224 225
225 226
226 227
227 228
228 229
229 230
230 231
231 232
232 233
233 234
234 235
235 236
236 237
237 238
238 239
239 240
240 241
241 242
242 243
243 244
244 245
245 246
246 247
247 248
248 249
249 250
250 251
251 252
252 253
253 254
254 255
255 256
256 257
257 258
258 259
259 260
260 261
261 262
262 263
263 264
264 265
265 266
266 267
267 268
268 269
269 270
270 271
271 272
272 273
273 274
274 275
275 276
276 277
277 278
278 279
279 280
280 281
281 282
282 283
283 284
284 285
285 286
286 212
287 288
288 289
289 290
290 291
291 292
292 293
293 294
294 295
295 296
296 297
297 298
298 299
299 300
300 301
301 302
302 303
303 304
304 305
305 306
306 307
307 308
308 309
309 310
310 311
311 312
312 313
313 314
314 315
315 316
316 317
317 318
318 319
319 320
320 321
321 322
322 323
323 324
324 325
325 326
326 327
327 328
328 329
329 330
330 331
331 332
332 333
333 334
334 335
335 336
336 337
337 338
338 339
339 340
340 341
341 342
342 343
343 344
344 345
345 346
346 347
347 348
348 349
349 350
350 351
351 352
352 353
353 354
354 287
355 171
356 18
357 102
358 45
359 227
360 130
361 90
362 242
363 62
364 122
365 135
366 41
367 189
368 324
369 249
370 255
371 148
372 42
373 4
374 111
375 281
376 116
377 370
378 142
379 33
380 24
381 205
382 256
383 88
384 63
385 269
386 80
387 344
388 158
389 121
390 157
391 355
392 254
393 196
394 295
395 344
396 199
397 170
398 174
399 40
400 345
401 267
402 307
403 388
404 345
405 138
406 121
407 6
408 39
409 80
410 382
411 200
412 274
413 363
414 331
415 75
416 16
417 7
418 80
419 375
420 56
421 383
422 353
423 286
424 246
425 244
426 354
427 352
428 241
429 126
430 20
431 419
432 250
433 372
434 61
435 338
436 20
437 277
438 228
439 25
440 397
441 387
442 283
443 433
444 131
445 252
446 68
447 192
448 287
449 354
450 276
451 120
452 59
453 293
454 223
455 343
456 76
457 321
458 226
459 401
460 404
461 33
462 35
463 396
464 249
465 74
466 92
467 57
468 435
469 63
470 25
471 207
472 270
473 101
474 277
475 242
476 31
477 76
478 169
479 360
480 368
481 28
482 94
483 290
484 373
485 301
486 18
487 299
488 64
489 360
490 39
491 460
492 29
493 222
494 227
495 35
496 40
497 360
498 257
499 242
500 322
501 326
502 358
503 125
504 309
505 195
506 317
507 488
508 474
509 463
510 444
511 112
512 275
513 399
514 493
515 267
516 273
517 495
518 398
519 206
520 100
521 184
522 513
523 511
524 169
525 78
526 245
527 501
528 343
529 205
530 154
531 277
532 456
533 139
534 209
535 468
536 365
537 16
538 106
539 28
540 484
541 265
542 432
543 453
544 109
545 529
546 513
547 398
548 312
549 236
550 459
551 253
552 180
553 85
554 209
555 386
556 402
557 259
558 223
559 252
560 162
561 134
562 25
563 434
564 188
565 93
566 101
567 551
568 80
569 400
570 108
571 78
572 96
573 394
574 94
575 407
576 467
577 117
578 283
579 146
580 24
581 481
582 162
583 485
584 420
585 125
586 182
587 53
588 482
589 128
590 19
591 438
592 360
593 31
594 430
595 407
596 522
597 119
598 330
599 91
600 180
601 73
602 588
603 57
604 9
605 555
606 384
607 23
608 411
609 315
610 90
611 522
612 337
613 478
614 314
615 117
616 159
617 163
618 64
619 450
620 450
621 538
622 81
623 581
624 311
625 45
626 439
627 198
628 128
629 518
630 513
631 134
632 315
633 40
634 121
635 426
636 277
637 563
638 548
639 418
640 135
641 32
642 350
643 318
644 638
645 392
646 623
647 45
648 593
649 197
650 327
651 441
652 283
653 443
654 411
655 185
656 249
657 519
658 406
659 250
660 415
661 279
662 21
663 651
664 256
665 638
666 155
667 369
668 590
669 196
670 221
671 414
672 90
673 275
674 455
675 34
676 539
677 643
678 462
679 200
680 340
681 2
682 252
683 147
684 505
685 424
686 503
687 55
688 463
689 425
690 266
691 242
692 190
693 546
694 438
695 501
696 412
697 548
698 266
699 377
700 259
701 427
702 180
703 287
704 220
705 457
706 118
707 144
708 594
709 43
710 569
711 478
712 661
713 571
714 141
715 622
716 208
717 550
718 16
719 340
720 68
721 657
722 323
723 397
724 93
725 425
726 312
727 386
728 588
729 712
730 70
731 85
732 47
733 416
734 15
735 131
736 234
737 357
738 521
739 119
740 473
741 391
742 138
743 588
744 655
745 178
746 573
747 364
748 161
749 535
750 110
751 427
752 480
753 643
754 641
755 181
756 344
757 722
758 604
759 84
760 674
761 544
762 728
763 168
764 194
765 29
766 12
767 304
768 91
769 623
770 130
771 81
772 520
773 621
774 601
775 377
776 666
777 528
778 289
779 151
780 606
781 389
782 566
783 186
784 124
785 267
786 469
787 560
788 134
789 104
790 405
791 554
792 64
793 576
794 487
795 630
796 459
797 283
798 210
799 306
800 515
801 305
802 481
803 528
804 565
805 242
806 32
807 433
808 176
809 15
810 611
811 55
812 281
813 741
814 2
815 494
816 587
817 765
818 686
819 685
820 468
821 755
822 275
823 494
824 653
825 344
826 435
827 260
828 336
829 636
830 794
831 287
832 220
833 26
834 292
835 470
836 157
837 171
838 185
839 747
840 762
841 56
842 649
843 115
844 282
845 555
846 473
847 504
848 31
849 671
850 188
851 702
852 590
853 154
854 246
855 704
856 693
857 128
858 701
859 808
860 405
861 183
862 94
863 137
864 829
865 580
866 557
867 26
868 452
869 687
870 255
871 3
872 753
873 494
874 694
875 787
876 647
877 151
878 260
879 252
880 244
881 741
882 799
883 20
884 658
885 814
886 315
887 397
888 265
889 241
890 412
891 433
892 356
893 637
894 484
895 159
896 633
897 564
898 475
899 83
900 333
901 640
902 138
903 519
904 131
905 682
906 631
907 826
908 172
909 897
910 716
911 255
912 336
913 272
914 8
915 391
916 313
917 41
918 869
919 384
920 890
921 343
922 872
923 365
924 171
925 194
926 896
927 684
928 544
929 307
930 782
931 44
932 644
933 171
934 118
935 848
936 70
937 394
938 502
939 425
940 688
941 654
942 50
943 494
944 856
945 393
946 486
947 765
948 138
949 663
950 172
951 601
952 754
953 196
954 657
955 801
956 810
957 1
958 584
959 755
960 632
961 176
962 423
963 759
964 267
965 886
966 796
967 29
968 807
969 361
970 417
971 873
972 418
973 100
974 605
975 389
976 939
977 794
978 425
979 915
980 403
981 508
982 748
983 892
984 597
985 951
986 983
987 901
988 788
989 559
990 834
991 621
992 570
993 306
994 965
995 706
996 382
997 56
998 875
999 10
